        1    2    3    4    5    6    7    8    9  
     ---------------------------------------------- 
   1 |  1 |  2 |  3 |  4 |  5 |  6 |  7 |  8 |  9 |
     ----------------------------------------------
   2 |  2 |  4 |  6 |  8 | 10 | 12 | 14 | 16 | 18 |
   
   				............
   				
   8 |  8 | 16 | 24 | 32 | 40 | 36 | 56 | 64 | 72 |
     ----------------------------------------------
   9 |  9 | 18 | 27 | 36 | 45 | 42 | 54 | 72 | 81 |
     ----------------------------------------------